[STEP]
20001

[PARAMS]
1.0 1.0 1.5 0.0 0.001

[BOX]
13.67980757341357513.67980757341357513.679807573413575

[LJ_PARAMS]
1.0 1.0

[FUNCTIONS]
V=
dVdr=LJ_pot_der
λV=
dλVdr=dλsoft_pot_dr
dλVdλ=

[POSITIONS]
5.832800146143306 -2.147250431100194 1.1781618072332758
1.587052085830699 1.9838473085722994 -0.9012868314321832
-2.161019756035655 -1.5974764936309687 -6.787357982830693
-0.43436876825483073 -1.6481664100498266 -0.15214567173251006
-5.81274315943492 1.9764565633664637 2.41850788425458
-5.685551826939357 6.555752140293655 -3.322336377456869
-4.050094628988391 -0.3264389300942923 5.478223100391352
1.9244087499021116 3.264268493402456 -5.039767134614028
-3.025553081057956 -4.321518647739354 -3.9081559392924548
-5.51432710150321 -2.944560002005706 5.358788543716441
-3.637221103732918 4.937397176868492 5.0942860260125755
-5.626200861201182 -4.600422810702211 -2.6424578916154067
-0.381568764835109 0.7088605080168301 -2.3901035816904623
-6.653568961393154 -6.485793856499681 -2.5772998008579586
2.501874016390492 -0.9129404393514621 -2.4200426136999797
-6.042026091942172 3.8588042862867593 -6.006797083206364
-2.2314732558134143 -5.826099348952689 3.063910608271231
-4.414792194910331 -3.7928597849884227 3.9034493986518823
2.465672157656176 -0.839665478480771 -3.5660084118519837
2.7286133762217037 0.44660025425365363 -3.123834089329493
4.350453623611732 5.951311108732473 -2.937607465561979
-5.157079955335912 4.7521060512999735 0.4914344717602133
-3.9796026017117234 2.306166442565493 6.055531964905909
-0.40514534419150644 -2.250067254764949 -5.222542783822121
2.48450590839749 3.5805826234727083 6.223752490776886
0.7638658297650152 -5.156722524741437 2.2881011809586935
5.207698837981521 -0.6802467288726877 -6.2053055796552465
1.8561277899701143 -4.031385600276759 1.721985741948796
2.382960401393515 -1.5101802078177702 1.611570559215933
4.94448192386746 -1.6420610855264006 -4.994402398133506
0.2584571853112651 0.1869213657114202 4.297193802013182
-3.3259078734782057 -3.0082519211567784 -4.7906319582728045
-1.584489686361247 -0.7505649734538703 -1.415615873967232
-1.2579492717894083 -5.322955498247908 -0.43200156183899874
-4.720441227589793 6.177495637860412 4.948408424059309
-6.482773297113697 2.8634903547759922 -4.826503380929584
-3.490982156257019 -1.8587074082442672 -6.0623970308047666
2.8277263500107397 -5.703661952510809 6.14239853930858
6.753124911333861 -4.131613408836602 -5.894642343064268
1.425910260053268 3.3798220300031154 -6.345662905386937
6.682369728506289 -0.6053583567291358 6.517964661074607
2.7605308754101427 -0.736903375069869 -5.510702189590097
2.4497218468360162 2.6059495865346993 -4.41833337029384
4.830597678651089 2.6879114210279513 -4.261733635792833
-5.176875663951003 -0.21520190821824323 -5.403663449964272
-5.445202051657585 4.779178715355385 -2.5776398989848937
1.6221519625558556 -5.4284002513525005 1.3529771046265633
-2.091048603131175 4.567359831104474 1.0871167509025084
1.9016613426334448 4.320070361177912 -0.4086638123052019
-3.5441201266499123 6.637718109388947 -4.262929578968806
4.122059697468527 -3.2160107630806944 0.8867775095806667
6.51975377702305 5.4242473641667655 -3.454954003320498
5.324980588534438 1.9085711397053202 4.754917263396249
0.595431966780323 -2.161381231429737 -2.305690077920488
5.7963355918459945 3.221357188091097 2.9502190930655594
2.2586518450830515 -0.4162869103008189 1.0300378498715905
-4.144961871894897 -5.488818206669094 -1.8997012214364595
0.7373822921339759 -1.1481678660508852 5.243133416860759
-6.334792935940441 2.242901903541612 -6.1649854857569215
5.28604845907407 -1.7395688791753747 6.387285658510267
-4.5869733610489805 -4.17841452320314 4.823491661976257
5.632460622299545 -4.209330838852395 -0.13116606941094908
2.885478666582287 2.4985255474939483 4.830389562272211
-2.026366860370006 -2.433852381757683 -4.904181382357094
-2.570083466784299 0.6947657330086188 -3.3033267495223377
5.390085665078787 -3.7315893103818443 2.0459692688442472
-1.8305844985485533 5.110996122741265 -2.410383138773857
-0.38250666453751836 -3.122858864993125 0.480945820247345
5.671281719255795 1.9732901955381137 6.765916047797354
-2.212915195073643 0.728688266367895 2.082050031129283
3.243169479834117 5.994491193958443 -4.03652430846008
6.667700547936907 0.08607134290728496 -5.30687802760927
2.8169273840246554 5.585060364305226 -5.800839618878202
-0.3912343039447559 -1.4799819217351744 -6.393612886231417
-1.3724331321457421 0.980306305112587 3.257844690167979
-4.077553181139106 3.4163674804337543 -5.0615330977864845
-6.316927212011114 6.736640443158458 6.201911917989859
-3.7033077794344402 -0.8217909272149061 -2.693802103717213
3.7128277875733455 2.007975250586105 -6.497920308082671
5.066717933398778 -2.7331847018275806 -0.0372426322429109
-3.441234600605832 -6.252570305178051 6.409639563581293
-5.30617806281182 6.460388841822196 -2.3257956430037994
-6.622468251043391 -3.7724380054679227 -2.911121474907819
-1.7106024077333597 1.1739045351445663 -2.4539382085471666
-2.524794564475237 6.74162912154147 -5.550080279832968
5.297155650937169 3.787200650433554 -2.81679156455532
0.7277341533277355 0.21675360263447455 -6.197728992426355
-2.7429924357564244 -1.9390101314213464 -2.567316583363436
0.7712354458131826 2.5627018183725316 2.369123304291662
-6.374715891311949 5.204536927083892 -2.6355453232092474
3.8430869613605516 4.314109595727242 -1.159325568586199
1.3722489484950915 -1.1088015595089469 -2.627142397004726
-4.596092945535993 -0.223687270641828 -1.7085711306345466
0.3679722708753643 0.4474201986973545 2.1406746491670443
0.8720283590493632 -3.8369651774988878 2.630813142506532
-4.441251887715973 -1.4020669751655426 -3.3999579475161594
4.906503011241178 1.7575305798749714 -3.094530502791951
5.006105240829946 3.782576986646767 0.8329406368332568
-0.24841887345329122 -3.319966858275853 -6.421792294528731
-2.575485569879181 -1.0783127523317784 -1.0201807664105433
1.796614182907666 -0.07061423382648395 -2.6163189526133213
-0.8897305532083553 -3.7511019697118098 -3.647910845809524
6.837030019502247 -1.4741028437593047 2.3045816626707887
-6.052932143417356 -0.6323071732986462 -4.7337692955094015
4.212458873541397 0.09080049593596451 -5.018115926844726
-3.6149884419916867 5.8298813559513345 3.0722280089695198
5.285565152496737 -1.833467700568794 2.2635469185262793
0.6634327076388556 1.427529610529257 0.8468951395208293
-1.7417981106427696 5.931092078109788 -0.1457657589394335
6.219291941728434 -5.413898876000955 2.216445032286194
-4.350870282882315 -5.893864579511409 5.688175801676974
-5.756526858570248 0.1749061988151265 -0.4392479707379562
-0.9600465452696967 -6.545891268980242 -2.8096797749865776
5.008981191665777 -1.4457199735000266 0.10701704050511426
4.176097186941151 -5.087533366821503 -5.80541404994375
-2.9282280636103666 0.051600189419638634 -1.9119890339179622
3.864668253830651 -0.8517309786903641 -5.210519419721713
3.0017810639038007 6.237309250020035 3.775744914333959
0.9197532844846132 0.17681830639542076 -2.0046027148536987
2.5324162896530713 4.18347807338566 -3.8585696469458384
-0.6126080188668752 -1.2425201397827947 4.162306310348372
1.7075540528862272 -5.020292226951125 -4.720031982324588
5.346075833439842 -2.574832130028719 -6.268726454530035
-0.43601841453704815 -2.1072226785610044 -2.4197361534385964
4.2398680142576275 0.9544218079635344 -3.2893627250064745
-6.480262419311508 2.153579808201338 5.978667457981915
1.4655918606206473 -2.49924677458726 -0.6531857773071447
-3.101449286260868 -1.0402163110844256 6.671564526592354
-4.3213943169373294 -0.10468288255730586 3.269102757579983
-2.9818299019351073 -4.5703366297665715 -2.69908674982356
4.331332868164668 1.921624126602917 4.181806100087796
-0.29259562452375215 -0.4514535039038568 3.177070546767542
-6.424281715416281 -6.647960444596648 4.9435222157030845
-1.8247163168175198 0.3486427604936944 -3.905948791584534
6.67232649932271 4.026410401613413 -3.509329781166717
5.249702549082678 3.3742227488732452 3.780782792444031
-1.5289228439333233 -1.7953648698119409 6.069560260342607
-1.6914195272853474 1.203874039576628 -4.7168187110032305
1.0652297780359714 -4.135558232853672 4.307297636999324
-6.751326210084169 6.270043138592844 -3.19083345816898
3.9605781850296853 1.6043773606842475 -4.64246834285234
-0.9531019692939622 0.05939634767995235 2.1638956000345857
-0.14311108614346932 4.330093348252381 -0.5048039832097221
4.713436715111369 -3.3555058879421686 -6.092564928135153
1.7988954745693655 -0.9050298221291456 5.781463989354822
-3.5824861089290825 2.198913985756798 3.128446444620478
1.0849099965927016 3.486526340507712 -4.431589311288158
3.0570494356745384 5.175073224817706 -3.14067692258324
1.605854472821846 -6.600527056272306 4.294392935951895
5.146102848707684 -0.7834194159302129 5.7065968512608505
3.1153125351288846 -2.1295122815570497 -6.609756839774082
-1.9943000495696783 -4.634548511485999 -1.6215020868993213
-0.9249632518409245 1.5554627865935826 1.026268476572732
1.5013932724657286 2.4458784977163393 -5.442029885921135
-4.942496287207146 4.251278776002999 -5.807909994657002
-1.320178616780887 -0.8363515680854791 4.9525304744496275
-0.2655391260805303 -2.9454565119332017 3.415957215514475
5.473197147573028 -4.564468237136059 -3.2285368522856457
1.724580480145923 -0.8557547374863573 -5.39334926461844
-3.5479903223435874 -0.6167673504419102 2.150287131684925
5.825261908030964 4.612477096609074 -4.302966986098312
-5.111473707880395 3.227022785538578 -4.639205490149634
-5.934961805436341 -3.3367165320952745 2.553903030319335
0.7122069809564054 -4.622844151644966 0.8635447039906308
-1.3591511206834135 -3.854511107707697 6.587995154167765
0.2967243840553173 -6.317113467053934 -3.999347971646221
-4.8648983989848045 -2.541027468798707 -6.7211052265483575
-5.474981821644979 2.649203501117411 -0.7106830121872806
-4.60917554252639 3.1747592429111386 -3.69857722484353
-3.347430180398923 6.315054603224122 -5.92864522298358
-1.2434873090482224 6.3351034484577236 -4.43399764133627
-3.9050823240225947 0.4056301787048976 -2.7290499902709677
6.380630065788678 -2.4391931878580047 6.636644999731915
-0.6403727971574588 1.6447444924608259 6.164552254858836
-1.4505280936902962 3.718886785604046 4.286629131707696
2.3753580169238386 -3.347658503301737 3.2642979536990437
5.7339686466105935 -5.039571504037885 -1.5324951441868653
-5.515058194428833 3.569685553705588 6.699264590859067
-4.549731676090731 -0.2339544096767785 -6.783132769092189
-4.315086770984397 -1.2567213451546944 2.8875748495875126
-1.4606491827056718 0.4106872996336777 -1.3232339087469132
4.378532598004864 -3.7986186466408203 1.866860549365572
2.5558727141455786 -6.048696248052283 0.9767518432538044
-3.7098793511106396 2.085647025488445 -6.52810738277405
4.934483828083157 -2.6046016656399096 0.9179251507079353
3.414542220828276 3.8742008177424703 -5.509241492597002
0.24519087991968336 -1.3525886961402853 -3.283783478973854
-3.745837899524148 -6.060797017092221 -0.2753731398587525
-5.9852569394356205 -3.6080781509887014 4.009658863920283
-0.7719539594197194 -0.12103991908059471 4.506546634204515
1.7533914698109552 -5.324316157143686 3.4154912877940187
-1.6257365768818905 -0.3587201600692801 6.501619334912056
5.898599069299659 0.6679369926282203 -2.6457841584796133
5.376996019147898 1.472708013762175 -0.6842177968393018
6.231284200098425 0.68723035275957 3.313241593972175
-1.8802068444116318 -3.966544465194892 -6.05713934325979
4.796030856342738 -4.027024411291886 0.6500244982346716
3.2674921138622954 -2.8715213622048266 4.141874253073014
5.804346112468796 -2.5980157610297763 -1.1431039926113562
-4.269212059790233 2.2027130641807124 -4.581955598921051
3.194412907649478 -0.4405372597014768 2.1889215303614846
-3.139485778623657 2.988796531032053 5.416315536100379
5.270205528221351 4.535163840700811 -5.435277999314823
6.675085192795663 -3.4872247268286425 5.650607521554765
-1.8705471137095844 5.510683073377674 -5.337035721407952
-5.352877946484585 -1.8992465558793545 -3.3873790691480368
-6.151156245472411 -4.829672167894518 4.743812889712655
-4.818596159885723 5.599619673891669 -3.3546638844895798
3.1342830743315133 0.2746383834468452 -4.276887925710446
-1.3063909479598412 5.329033230533453 -3.2784749575652756
1.3450560766899562 4.064621050548905 -3.299372325468688
2.028547762246253 0.24026401535851766 -4.147752395473555
3.8755612241247275 2.4303014888129058 1.3192585086022508
3.776854474844153 -1.1768899338059393 -3.490538909709988
0.6695451372600717 -0.7930034424487713 6.186321081977323
3.095358226788323 -4.277812388433878 0.8506483829346889
-1.4335532088280394 -3.2213788836810915 4.3034027358229965
1.672262959390859 3.481338647406237 -0.8741483920739818
-4.82425236276786 -2.8002280938032467 3.908273473744668
1.8241042176659672 2.2907947936919877 -6.42985585271834
0.1846849502601262 -2.1949051975564475 4.84156566504209
1.3859795391632408 -3.7830091101694174 0.4348687266013253
-2.3484489283470666 -3.4102904257287374 6.5681730563613385
-3.772493529450212 4.883521795727661 6.547771452917174
-6.086194825163868 -0.6815685134445029 1.9763409242810084
-6.089575567417314 -2.144223830883476 -5.595943310479718
4.530343844179952 3.3999939091133817 -3.3908502912057714
-2.9656010925102345 -5.637751327959801 -1.5585507926291307
0.9062207478766376 5.16997235789418 0.6595224544064716
-5.2405702084917465 -0.5185014147850057 0.7737035892396921
-4.356276552586531 -2.1510395780131715 4.740035359970477
-0.7369184895566551 3.1304742190637014 -2.0666443020014302
-2.7589366215240343 1.6394183195490266 2.0853611170158657
0.4534823314271969 -1.6283057992986991 -0.7548566919332599
5.636408036543186 -5.262107904237543 -4.257275239505556
-1.46015504951936 2.461435239759526 2.1682306751505216
-1.2977157403010415 -0.6841663167579809 2.8176999782298067
-2.5176034116753088 -1.527302667882422 -3.8833875010301786
0.6815583000122607 -2.015021565396038 -4.524439932957508
-0.39032205454700186 -1.0880845565588415 5.534816782505735
4.727106972626515 5.46395180253958 -4.140557552863895
-5.55237218836526 -4.587861677252281 -6.54243764227427
-0.4408977763068018 -1.3934055263626088 -1.2202729344139884
-2.9915592345923474 -3.897997377964823 -5.836638667959535
3.0557238757608505 2.962431051346882 -5.475044998415119
-0.6832710004551986 -0.4022253080123246 -2.4410589136900342
0.5438745057182599 2.9953596905676783 3.402503959012097
0.031756495752352586 -6.120212531572039 4.8669012916856405
-6.271171199379879 0.6493725300196322 -3.9668104388546586
3.9544609688933425 4.587629740133222 -3.6554417082060118
-5.28458815469902 2.0337684516074614 -5.504060893892324
4.886725201004888 -0.46899687005300694 -1.2413173729053062
0.4013838585866718 5.72499753993715 2.4103130273090105
2.261762512462019 2.7851401241749083 -0.3504158915257797
-4.815875884158298 3.8710021160141457 -2.4293028081818138
-2.3340610644375746 -4.781710061738284 4.387463222320042

[MOMENTUMS]
0.5741304192896982 0.22606294417496905 1.8794538951836806
1.666243523135515 -0.6296694991850076 0.5123279637674915
1.211879285092644 1.3601744072312711 -0.3323706916915971
-0.0346214363470843 -0.7089457059707805 2.9066950983440565
-0.607469140074592 0.16233443805463013 -1.6129681009555408
0.2499409973544642 1.4102997758259241 -1.1820101399675398
-0.5527810088380084 -1.48227421638506 -0.03200775383579314
-1.0151313595109195 0.3485681377861912 -0.3944740273578372
-1.24052795561743 -2.2854576130406703 0.34889707671783404
1.0559744385729986 0.9984682573971447 0.2746943938719407
0.6994344746409915 1.5125551875225909 0.6008830088875928
-0.8864693941918941 -0.09446909029849279 0.6396519676092475
-1.3525575756041184 1.4405523645653158 0.04533368327683177
0.8898400300684152 -2.1454694505217953 -0.12068032490593314
0.6323448351779398 0.4311125320681069 -1.1005512002053077
0.10152899156882185 -0.1308528071237989 0.6512160819295648
-0.34935948543555356 0.21814243546779352 1.1628748116013916
1.331864976382743 -1.1162923698377034 -1.7755292399154003
2.3889428368905863 0.049829645724973684 -1.9280088511893225
-0.9620680812689546 -0.6078997870563287 -0.6786957883919709
1.942858948330492 0.6422148060719122 -0.5315020391933998
-0.5372667707375518 0.20792763004209394 -1.2283685279037218
0.6756819225829557 -1.4493396539730352 0.07063875120766876
0.09577916852479611 1.2645066431192762 0.10387171387112788
-0.20400204734524577 1.3451509738543665 -1.0445895239298546
0.9228568911057008 -0.5876112373201324 -0.8261234403754867
-0.12712237604786117 -1.4727768587862933 1.719708910783896
1.8856332367077622 -0.33551835010496034 1.7216881058133682
0.6465081149886526 -0.07775782325432534 -1.5047685742509016
0.0418308941922284 -0.13059358716137445 -1.7345893708537365
-2.2042280695571823 3.2832569949062056 -0.887576260275954
-0.10957409590281611 -0.1579172274057168 1.0737341824341278
-1.558500467668665 -1.2387377512167819 -0.11347036934801198
-1.009016460621951 -1.2297527812129656 -0.45232132063826325
-1.563654469568385 0.10949634146563068 -1.0697608063294455
-0.7065703471043466 -1.0035739898600002 0.1282429984279163
-1.3328496784501005 2.685081667594038 0.5852987962487236
-0.7418845537558302 0.38792463053829584 0.22608848491824765
0.5114973239033794 -1.8178587448377281 0.593063797848455
-1.6303611531471072 0.08721957039382033 0.8179469727712703
1.3562880005747309 -0.5006274644795383 -1.31963831266604
-0.29638840291683344 2.887219927357187 -0.9060827752887277
-0.6053978121473852 -1.2709034172544529 -0.0543130149825114
1.6152357660780765 1.0719948508646546 1.6151416697767704
-0.0046701854320726315 -1.1021299814741312 0.1998808900885917
0.5394221840917589 0.22197394294637993 -0.2815140182513452
1.5789576910204555 1.5568949224755617 0.9972145092361957
0.12864759326044886 -0.7577153734521114 -2.6195029448202094
-0.25540989149022975 2.099904095294292 -1.5248684564285266
-2.4666527196684607 2.4560560560151523 2.312147556730804
-0.06935706140375734 0.9798608890763817 1.1727536243696601
1.3257488182413486 -0.2249425614865904 0.7102058335213493
1.9086140746877762 -1.981258796699499 -0.6813406053962958
-1.8618788799087536 -1.3014792563364752 -0.6415753344958135
0.1327309114182908 0.052916099641324967 -0.4758982469898578
-1.714105723957679 0.9518456694757442 -1.578331998471792
-0.6152657402823328 -0.8987556546453181 -1.2644797364992795
-0.867921842946204 -1.7403189925826181 -0.021405853370355624
0.34824227745359554 -2.437100709846311 1.1885976808703977
-0.38958573512836364 0.7336557294340674 0.3988488685520029
0.5557579090931465 -1.895674586945707 -0.02743502002895712
0.9374731017743537 -2.6714894301183123 1.7048140983524507
0.1498563048783875 0.24684117901137675 -1.5788851440032259
0.8272083214396637 1.717322959345377 -1.9543757654404204
1.6577874275879334 -1.0765865238084136 -1.5983371328220375
0.6050105627663479 -1.8987074027086677 0.6739277187866275
0.2730174640284545 1.8693528937278954 1.222218163101186
-2.376750218346258 2.3016311395624576 -1.1002509897961086
1.7894226160092062 1.932695233911143 1.4106373930393477
-0.3988858309972495 -0.5470806451901279 0.45006991733925117
0.10410067041803507 1.8732528951738467 -0.08383834782466135
1.9915948822740976 -0.6458871455753641 2.228949998401806
0.07412303162280136 1.0433252036745448 1.6411051678401425
-1.5547435815706165 1.132965201651629 -1.4347305084576318
-1.4794244811696562 -0.21024946187125443 -0.9670942450853504
1.7544613230673973 0.30260502245142895 -0.642234179757845
-1.059451295763344 -0.7814266130582591 -0.4686632482450214
0.6249396833207468 -1.1549908178765498 -0.46148921305407775
-2.2022220960582795 -0.09520539496157794 0.5280313939927617
-1.081737670578241 -1.9600927704099074 0.3650985587214
1.308859658823629 0.450774137044691 1.7294956215320516
0.4419771578085179 -0.6416732202686811 0.2881490525887086
-0.3288338938957992 -0.21494854408918118 -0.27484887906751027
-0.8486459162309694 0.8900314955379534 1.6330052456680135
0.4013206942713225 0.40952298737457743 0.8879262266928163
0.7856604800260688 2.4174296695011446 1.3815955190108635
0.277350535312325 2.367426246918437 -0.32614021509639424
0.7488399759087209 1.9586882605491678 -1.094301271084954
0.5746974580747514 0.5006827691011153 -0.6417744329904123
-1.3636101553206612 -2.8058531217071776 -0.4319454808462192
0.03264377546119543 -0.5849992475352959 0.16854378114802515
0.9139377866429693 -0.7298885719018908 1.2760473167396484
-0.4862858163997204 -1.8536191688947015 -0.7046235683381114
-1.0967286942474332 -1.1953071118106315 -0.15330159687848502
0.09236927322712843 -0.07386756444014152 1.0232501184988334
-0.6541013474005586 -1.3768239538217062 -1.096102287831474
2.1207630937393542 0.7024829984760195 1.635424171536194
-0.2766500487471663 1.1279787065454878 -0.5580001690364115
2.4827827195905035 1.4515380049332014 -1.1831138859855703
-1.0440583140923974 0.6473449760741309 -2.1970043924378646
-2.0052927706286643 -0.023468776176669134 -2.4153224876710517
1.0375691926936452 0.21842304796849785 -0.6861288906892052
-1.3357308247917623 0.6570768471211755 0.47544863718236235
1.5654025551905641 -1.9219598226205834 0.7867665782350146
-2.6895790201633987 2.5361133730463146 -1.1873391811979677
-0.15623748820732314 -2.729029298797167 -3.8782743474250676
-1.4544192321785565 -0.028469344421372906 -0.31387392360252386
-1.0521313690530343 0.04841393519303718 -1.4792547234999742
-0.2762389222399801 0.2986228192323419 1.8703985986669487
0.4136163512508729 1.5648846794193891 0.17544832302533536
1.6571903677446513 1.8418424400637137 0.4614027864975082
-1.004567666600053 -0.07872888309219933 -0.08576361253994289
-0.4255611996594109 0.01306481275764796 0.6767202922097344
-0.7406712767456988 -1.1833518757709252 -0.09259210638687992
0.16914250786941434 -0.40979281930097666 -0.6352750273005554
0.7579519332672121 -0.6756729921839907 3.17732347146776
0.13785228737230268 -0.7022757967971266 0.8663230875402155
1.2508149171544867 0.4666073640780652 -2.316455833293593
0.5043931285790082 -1.1270411553957538 0.7518473661138271
1.7066467677919008 -0.7790914963436538 0.993445441806645
0.8725909250839947 -1.0812382371532918 1.2090765108927612
-1.040625349448199 0.7706811760911408 -2.009838893799239
-0.07577474683050153 -0.10296954811841848 -0.40760113125904396
-0.444435958729982 0.5710284178872757 0.5077394391957679
0.14822378111312223 1.166602725704168 -1.453006205308673
-0.08108150346450982 -0.6140575733306382 0.1791746134487196
-0.10084811737606258 -1.4461892051591687 0.9925665220183517
-0.8552372412365705 -0.5185684062340046 0.2339881396112992
-1.0608094225499827 0.8155725105699916 0.33880365404108487
-0.011750077678594562 -1.04073749490722 0.7808926007859827
-0.20860815468852117 -1.1505332754509106 -0.10917362095268737
-3.0520544367981466 0.07544134822361846 0.7397171430519957
-0.35676561777155785 -2.1670479768556397 0.4739925124673269
0.6072816559346277 -0.6492806967082638 1.205961669986098
1.9376793572975306 0.19174053839264255 -1.8203776644015761
-3.6641059727048773 -1.0382424620079418 1.1557815933763371
0.8479128797153113 -0.8717125093352064 2.0542879875027973
-0.6499929986161718 -0.1344470538215616 0.08483589222552891
-0.04772987072186719 3.6993017076683574 2.0067368099866965
1.1701153218436522 0.5149141118156406 1.9304845108004403
0.2743635680217624 1.3469705405942947 1.1553735793123066
0.6392380958237229 -2.6002102456443543 1.5940587597770284
0.9850043712376617 0.23215756281977581 -0.4660272950858788
0.9206249968252547 -0.8575376809871164 -0.08912751909412266
0.3569612497755743 -0.09105588389919395 2.069001276113384
-0.06625067736207878 -0.13084862270535427 0.5664396053227566
1.8744381352520476 -1.5955902790311287 -0.07455103826061235
0.8556472127781555 -0.6512922247181803 -0.11342772615194588
-0.015330905323316768 1.36844743689127 0.1694948372928816
-0.39159335205771995 -1.0035116339731642 2.060962508019142
-0.46750377480483524 1.8097189846731894 -0.2165717557199518
-0.5537236002903269 1.9378547239469963 -1.0628566068962155
0.9041271988000439 0.755219095373069 0.06854533640420299
1.428500107001674 1.6717052434873652 0.0511027047126217
0.2957555977270918 0.8962993674886182 -1.1057391970097004
1.9850901776505274 0.45428362155022395 -0.5404472029883797
0.0036026728732379792 0.5087165302718801 0.4486466207121331
-0.896641420631367 0.16462766434501175 0.14331172895039887
0.7518688798025477 1.736828551533202 -1.0564724838674275
0.0960469495594172 0.08872007728379225 -2.053949644911285
1.4072571406902012 -0.8783671556649767 -0.237050388571135
0.6855974602340197 1.2914864955460783 0.6589307377450091
0.6891929889796617 0.6262737325295973 -0.826251524546179
0.7673578710349276 -0.6049262548465553 0.4315425625955614
-0.6108556610632506 0.6473606144278367 -1.6561922005685272
-0.23791273474959518 0.05024526133845813 0.23710412288242383
-0.9642432910514808 -0.6277519226532118 -0.9546507556293161
2.497655367728176 0.7828441947120339 -0.22878628914166677
1.207796483685167 -0.3599278887072506 1.0755414992779808
-0.42456501467252966 -1.9705228608801633 -0.6746369129427078
-0.8741015928723945 2.178871588963764 -0.16202103027852813
-2.5869738704662 0.6795647783697892 0.514775103628865
1.8384516154459294 -2.710215540362006 -1.341980841029823
0.7604622101846386 -1.7877429133198943 1.1227265404910551
-0.14236449879807678 0.31380399861418845 1.5096569886009028
-0.16013508280703673 0.5310332818792216 0.14476189830636238
0.21834345736096278 -1.2721599767294542 -0.4108780856177137
1.869355207386415 1.274119744549199 0.6977823070272536
-0.8608440192162841 -0.22908696265701134 2.7742970857326728
-0.04232691878217116 1.0005696129819517 0.0614685567492673
-2.8190810019833785 -1.9276188948591217 0.09300428565158755
-1.1059215456940288 0.21356662820767902 0.6309985282571507
-0.3459060470052256 1.7024904032049517 -1.2548099066357363
-0.5836643313781048 -0.46796147713111125 -0.7657618143885478
1.852631908762392 -0.9454590406773296 -0.5698121249261733
-1.2829600548040039 1.3313436247000434 -0.8071261975474248
-0.0022172846630783877 0.2524952381444881 1.0403316268269849
-1.0088322081339989 -0.4309095928704237 0.8916260925621186
-1.4374049882417568 0.5133203514075658 0.911245656130443
-1.9855490365028765 -1.4653326811730838 -0.3788369257518526
-2.6564213239624954 1.0500822729675134 0.14853047391379323
0.05991141574573037 1.224702284681695 -0.9964105483112501
-0.5145370356449696 0.17160743345934773 -0.035951952528200506
0.785518846320015 0.8887647182011634 -0.8544005771417658
-1.338744181794661 -2.5496945820508636 1.0359253454985504
-0.04033492700208549 0.5146588329487793 0.2578225504375837
-0.8467385327525029 -0.3038812110199279 1.7748448002391228
-0.8667548207842828 0.010075880848045478 -1.6830487745251632
-1.463054801040294 0.15950440447756606 0.1752255128613199
-1.8068968770364429 2.1684313177962773 -0.036614524047797796
1.59872177564178 -0.2608527549250203 -0.8081227373102787
-1.620568739626617 -0.014902089229110283 1.9562298892640084
0.09370296881457688 1.166165447079498 -1.380125535908483
0.48277589570837226 1.2305895591499858 2.088833637597402
1.8011547674506743 0.3693995560597372 -1.0892856133526585
1.4449085898106742 -1.265738018047619 1.0059772883905262
-0.47926275410788777 2.2470008486581845 0.4348154037326799
0.9912681719537466 1.190721477711895 -0.26226480132128915
-0.5393702625979009 0.3747243942415087 -1.5566889637144916
1.4573348159690644 1.363211670340222 -0.23760468943985277
-0.31441286267417934 0.2819263092312742 0.845720497719
0.9615287886506052 0.06940540206448262 1.3383004693539338
2.7918488170541553 -1.4043735902838523 -0.9888908149025929
-0.16595245681041806 -1.2833020475970205 1.257811564474394
-1.2206859870225328 0.9243002188097876 1.6210297060308536
-0.26702810754634093 2.569143267771555 0.05993132408008812
-1.857843340303998 -3.1313483929958177 -0.8496307292177506
0.9253317561616003 2.7140528815637324 -0.6237055954438331
0.028372328238836633 1.2389683945683827 -1.4792359110817948
-0.9145187277417852 -2.1365805968455818 -0.5570468345789625
0.8173265612351845 0.6073766230513988 0.6783268946663772
0.07282472820136722 0.5146437213854482 -2.6346306338458616
-0.6895177681708525 0.1686458813040179 0.25097939962704807
-0.024675144000364847 0.7231433316297766 -0.09119583195485893
-2.229562276511876 0.9839681800172914 0.5444733852048449
-1.7944699460061506 -2.304891148222635 -3.3131878037299325
0.5211931066531001 -1.9283773773176103 -0.28856303227842833
-0.7211421186735767 -0.41202347692013663 -0.4138120529845304
-2.152456970123016 -0.8378115372939646 -0.5596008711478307
-0.8878659503348844 -2.4857533235452616 0.6462985032944356
0.017935194062712406 1.8158990308296272 -1.5086804129205504
-1.202528872792841 0.3003162895792666 2.860456206593179
0.36600759816384804 0.6733679273716107 0.02193166477303844
1.289766032140863 -1.4592973128593898 0.6331469641536
-0.8244921787300445 1.420017446748952 0.42519940285695057
3.006404207530548 -0.4565684198824589 1.6671593496928352
1.4969752142899362 0.1591822297297008 0.9522543768690254
1.3047443942902162 -1.2228145014968794 -1.2962423714641926
-3.083143476082254 0.37665219944252376 1.1111332758661268
1.5450516197270285 0.800796212941414 -1.9282975880943463
-3.3300099870111364 0.4029860336832256 -3.2768245475096993
-0.17910041590278097 -0.4507548285993517 -0.310889024668483
0.16801019520031504 -1.5843047338413365 -1.1502168954752168
0.830726333524722 -1.1002137638725442 0.5664550188973513
-1.19569208419338 0.25927196393895374 1.317070869127279
-0.807196494912001 0.4214558505059249 1.6074839059242494
0.5946809207416347 -0.6853017700710282 1.8902466678166492
0.27232240243389716 -0.7785234095883609 0.2831359224967403
2.4110593848641155 0.9352281690960558 -1.5447057900847116
-1.5267998942784964 -0.46897878534579523 -2.6202538839067224
-0.5968566818000874 -2.2487777108652907 -0.10803566853944471
-0.16348330552202556 0.9833067434364106 -0.6865852923480288
0.5712654984224921 -2.0222783552949357 -1.6444575025180463
-1.256121253845421 -3.4013711635002175 -0.13195199333379373
-1.5433818966833928 1.1884271368619297 -1.7099421414424487
-1.686680725811948 -0.3055247796241536 0.7206521841912218
